service_id,date,exception_type
1,20200210,1
1,20200211,1
1,20200212,1
1,20200213,1
1,20200214,1
1,20200217,1
1,20200218,1
1,20200219,1
1,20200220,1
1,20200221,1
1,20200224,1
1,20200225,1
1,20200226,1
1,20200227,1
1,20200228,1
1,20200302,1
1,20200303,1
1,20200304,1
1,20200305,1
1,20200306,1
1,20200309,1
1,20200310,1
1,20200311,1
1,20200312,1
1,20200313,1
1,20200316,1
1,20200317,1
1,20200318,1
1,20200319,1
1,20200320,1
1,20200323,1
1,20200324,1
1,20200325,1
1,20200326,1
1,20200327,1
1,20200330,1
1,20200331,1
1,20200401,1
1,20200402,1
1,20200403,1
1,20200406,1
1,20200407,1
1,20200408,1
1,20200409,1
1,20200414,1
1,20200415,1
1,20200416,1
1,20200417,1
1,20200420,1
1,20200421,1
1,20200422,1
1,20200423,1
1,20200424,1
1,20200427,1
1,20200428,1
1,20200429,1
1,20200430,1
1,20200504,1
1,20200505,1
1,20200506,1
1,20200507,1
1,20200508,1
1,20200511,1
1,20200512,1
1,20200513,1
1,20200514,1
1,20200515,1
1,20200518,1
1,20200519,1
1,20200520,1
1,20200522,1
1,20200525,1
1,20200526,1
1,20200527,1
1,20200528,1
1,20200529,1
1,20200601,1
1,20200602,1
1,20200603,1
1,20200604,1
1,20200605,1
1,20200608,1
1,20200609,1
1,20200610,1
1,20200611,1
1,20200612,1
2,20200209,1
2,20200215,1
2,20200216,1
2,20200222,1
2,20200223,1
2,20200229,1
2,20200301,1
2,20200307,1
2,20200308,1
2,20200314,1
2,20200315,1
2,20200321,1
2,20200322,1
2,20200328,1
2,20200329,1
2,20200404,1
2,20200405,1
2,20200410,1
2,20200411,1
2,20200412,1
2,20200413,1
2,20200418,1
2,20200419,1
2,20200425,1
2,20200426,1
2,20200501,1
2,20200502,1
2,20200503,1
2,20200509,1
2,20200510,1
2,20200516,1
2,20200517,1
2,20200521,1
2,20200523,1
2,20200524,1
2,20200530,1
2,20200531,1
2,20200606,1
2,20200607,1
2,20200613,1
2,20200614,1
3,20200209,1
3,20200210,1
3,20200211,1
3,20200212,1
3,20200213,1
3,20200216,1
3,20200217,1
3,20200218,1
3,20200219,1
3,20200220,1
3,20200223,1
3,20200224,1
3,20200225,1
3,20200226,1
3,20200227,1
3,20200301,1
3,20200302,1
3,20200303,1
3,20200304,1
3,20200305,1
3,20200308,1
3,20200309,1
3,20200310,1
3,20200311,1
3,20200312,1
3,20200315,1
3,20200316,1
3,20200317,1
3,20200318,1
3,20200319,1
3,20200322,1
3,20200323,1
3,20200324,1
3,20200325,1
3,20200326,1
3,20200329,1
3,20200330,1
3,20200331,1
3,20200401,1
3,20200402,1
3,20200405,1
3,20200406,1
3,20200407,1
3,20200408,1
3,20200413,1
3,20200414,1
3,20200415,1
3,20200416,1
3,20200419,1
3,20200420,1
3,20200421,1
3,20200422,1
3,20200423,1
3,20200426,1
3,20200427,1
3,20200428,1
3,20200429,1
3,20200503,1
3,20200504,1
3,20200505,1
3,20200506,1
3,20200507,1
3,20200510,1
3,20200511,1
3,20200512,1
3,20200513,1
3,20200514,1
3,20200517,1
3,20200518,1
3,20200519,1
3,20200521,1
3,20200524,1
3,20200525,1
3,20200526,1
3,20200527,1
3,20200528,1
3,20200531,1
3,20200601,1
3,20200602,1
3,20200603,1
3,20200604,1
3,20200607,1
3,20200608,1
3,20200609,1
3,20200610,1
3,20200611,1
3,20200614,1
4,20200209,1
4,20200210,1
4,20200211,1
4,20200212,1
4,20200213,1
4,20200214,1
4,20200215,1
4,20200216,1
4,20200217,1
4,20200218,1
4,20200219,1
4,20200220,1
4,20200221,1
4,20200222,1
4,20200223,1
4,20200224,1
4,20200225,1
4,20200226,1
4,20200227,1
4,20200228,1
4,20200229,1
4,20200301,1
4,20200302,1
4,20200303,1
4,20200304,1
4,20200305,1
4,20200306,1
4,20200307,1
4,20200308,1
4,20200309,1
4,20200310,1
4,20200311,1
4,20200312,1
4,20200313,1
4,20200314,1
4,20200315,1
4,20200316,1
4,20200317,1
4,20200318,1
4,20200319,1
4,20200320,1
4,20200321,1
4,20200322,1
4,20200323,1
4,20200324,1
4,20200325,1
4,20200326,1
4,20200327,1
4,20200328,1
4,20200329,1
4,20200330,1
4,20200331,1
4,20200401,1
4,20200402,1
4,20200403,1
4,20200404,1
4,20200405,1
4,20200406,1
4,20200407,1
4,20200408,1
4,20200409,1
4,20200410,1
4,20200411,1
4,20200412,1
4,20200413,1
4,20200414,1
4,20200415,1
4,20200416,1
4,20200417,1
4,20200418,1
4,20200419,1
4,20200420,1
4,20200421,1
4,20200422,1
4,20200423,1
4,20200424,1
4,20200425,1
4,20200426,1
4,20200427,1
4,20200428,1
4,20200429,1
4,20200430,1
4,20200501,1
4,20200502,1
4,20200503,1
4,20200504,1
4,20200505,1
4,20200506,1
4,20200507,1
4,20200508,1
4,20200509,1
4,20200510,1
4,20200511,1
4,20200512,1
4,20200513,1
4,20200514,1
4,20200515,1
4,20200516,1
4,20200517,1
4,20200518,1
4,20200519,1
4,20200520,1
4,20200521,1
4,20200522,1
4,20200523,1
4,20200524,1
4,20200525,1
4,20200526,1
4,20200527,1
4,20200528,1
4,20200529,1
4,20200530,1
4,20200531,1
4,20200601,1
4,20200602,1
4,20200603,1
4,20200604,1
4,20200605,1
4,20200606,1
4,20200607,1
4,20200608,1
4,20200609,1
4,20200610,1
4,20200611,1
4,20200612,1
4,20200613,1
4,20200614,1
5,20200214,1
5,20200215,1
5,20200221,1
5,20200222,1
5,20200228,1
5,20200229,1
5,20200306,1
5,20200307,1
5,20200313,1
5,20200314,1
5,20200320,1
5,20200321,1
5,20200327,1
5,20200328,1
5,20200403,1
5,20200404,1
5,20200409,1
5,20200410,1
5,20200411,1
5,20200412,1
5,20200417,1
5,20200418,1
5,20200424,1
5,20200425,1
5,20200430,1
5,20200501,1
5,20200502,1
5,20200508,1
5,20200509,1
5,20200515,1
5,20200516,1
5,20200520,1
5,20200522,1
5,20200523,1
5,20200529,1
5,20200530,1
5,20200605,1
5,20200606,1
5,20200612,1
5,20200613,1
6,20200210,1
6,20200211,1
6,20200212,1
6,20200213,1
6,20200214,1
6,20200217,1
6,20200218,1
6,20200219,1
6,20200220,1
6,20200221,1
6,20200224,1
6,20200225,1
6,20200226,1
6,20200227,1
6,20200228,1
6,20200302,1
6,20200303,1
6,20200304,1
6,20200305,1
6,20200306,1
6,20200309,1
6,20200310,1
6,20200311,1
6,20200312,1
6,20200313,1
6,20200316,1
6,20200317,1
6,20200318,1
6,20200319,1
6,20200320,1
6,20200323,1
6,20200324,1
6,20200325,1
6,20200326,1
6,20200327,1
6,20200330,1
6,20200331,1
6,20200401,1
6,20200402,1
6,20200403,1
6,20200406,1
6,20200407,1
6,20200408,1
6,20200409,1
6,20200414,1
6,20200415,1
6,20200416,1
6,20200417,1
6,20200420,1
6,20200421,1
6,20200422,1
6,20200423,1
6,20200424,1
6,20200427,1
6,20200428,1
6,20200429,1
6,20200430,1
6,20200504,1
6,20200505,1
6,20200506,1
6,20200507,1
6,20200508,1
6,20200511,1
6,20200512,1
6,20200513,1
6,20200514,1
6,20200515,1
6,20200518,1
6,20200519,1
6,20200520,1
6,20200522,1
6,20200525,1
6,20200526,1
6,20200527,1
6,20200528,1
6,20200529,1
6,20200601,1
6,20200602,1
6,20200603,1
6,20200604,1
6,20200605,1
6,20200608,1
6,20200609,1
6,20200610,1
6,20200611,1
6,20200612,1
6,20200615,1
6,20200616,1
6,20200617,1
6,20200618,1
7,20200209,1
7,20200210,1
7,20200211,1
7,20200212,1
7,20200213,1
7,20200214,1
7,20200215,1
7,20200216,1
7,20200217,1
7,20200218,1
7,20200219,1
7,20200220,1
7,20200221,1
7,20200222,1
7,20200223,1
7,20200224,1
7,20200225,1
7,20200226,1
7,20200227,1
7,20200228,1
7,20200229,1
7,20200301,1
7,20200302,1
7,20200303,1
7,20200304,1
7,20200305,1
7,20200306,1
7,20200307,1
7,20200308,1
7,20200309,1
7,20200310,1
7,20200311,1
7,20200312,1
7,20200313,1
7,20200314,1
7,20200315,1
7,20200316,1
7,20200317,1
7,20200318,1
7,20200319,1
7,20200320,1
7,20200321,1
7,20200322,1
7,20200323,1
7,20200324,1
7,20200325,1
7,20200326,1
7,20200327,1
7,20200328,1
7,20200329,1
7,20200330,1
7,20200331,1
7,20200401,1
7,20200402,1
7,20200403,1
7,20200404,1
7,20200405,1
7,20200406,1
7,20200407,1
7,20200408,1
7,20200409,1
7,20200410,1
7,20200411,1
7,20200412,1
7,20200413,1
7,20200414,1
7,20200415,1
7,20200416,1
7,20200417,1
7,20200418,1
7,20200419,1
7,20200420,1
7,20200421,1
7,20200422,1
7,20200423,1
7,20200424,1
7,20200425,1
7,20200426,1
7,20200427,1
7,20200428,1
7,20200429,1
7,20200430,1
7,20200501,1
7,20200502,1
7,20200503,1
7,20200504,1
7,20200505,1
7,20200506,1
7,20200507,1
7,20200508,1
7,20200509,1
7,20200510,1
7,20200511,1
7,20200512,1
7,20200513,1
7,20200514,1
7,20200515,1
7,20200516,1
7,20200517,1
7,20200518,1
7,20200519,1
7,20200520,1
7,20200521,1
7,20200522,1
7,20200523,1
7,20200524,1
7,20200525,1
7,20200526,1
7,20200527,1
7,20200528,1
7,20200529,1
7,20200530,1
7,20200531,1
7,20200601,1
7,20200602,1
7,20200603,1
7,20200604,1
7,20200605,1
7,20200606,1
7,20200607,1
7,20200608,1
7,20200609,1
7,20200610,1
7,20200611,1
7,20200612,1
7,20200613,1
7,20200614,1
7,20200615,1
7,20200616,1
7,20200617,1
7,20200618,1
8,20200210,1
8,20200211,1
8,20200212,1
8,20200213,1
8,20200214,1
8,20200215,1
8,20200217,1
8,20200218,1
8,20200219,1
8,20200220,1
8,20200221,1
8,20200222,1
8,20200224,1
8,20200225,1
8,20200226,1
8,20200227,1
8,20200228,1
8,20200229,1
8,20200302,1
8,20200303,1
8,20200304,1
8,20200305,1
8,20200306,1
8,20200307,1
8,20200309,1
8,20200310,1
8,20200311,1
8,20200312,1
8,20200313,1
8,20200314,1
8,20200316,1
8,20200317,1
8,20200318,1
8,20200319,1
8,20200320,1
8,20200321,1
8,20200323,1
8,20200324,1
8,20200325,1
8,20200326,1
8,20200327,1
8,20200328,1
8,20200330,1
8,20200331,1
8,20200401,1
8,20200402,1
8,20200403,1
8,20200404,1
8,20200406,1
8,20200407,1
8,20200408,1
8,20200409,1
8,20200410,1
8,20200411,1
8,20200413,1
8,20200414,1
8,20200415,1
8,20200416,1
8,20200417,1
8,20200418,1
8,20200420,1
8,20200421,1
8,20200422,1
8,20200423,1
8,20200424,1
8,20200425,1
8,20200427,1
8,20200428,1
8,20200429,1
8,20200430,1
8,20200501,1
8,20200502,1
8,20200504,1
8,20200505,1
8,20200506,1
8,20200507,1
8,20200508,1
8,20200509,1
8,20200511,1
8,20200512,1
8,20200513,1
8,20200514,1
8,20200515,1
8,20200516,1
8,20200518,1
8,20200519,1
8,20200520,1
8,20200521,1
8,20200522,1
8,20200523,1
8,20200525,1
8,20200526,1
8,20200527,1
8,20200528,1
8,20200529,1
8,20200530,1
8,20200601,1
8,20200602,1
8,20200603,1
8,20200604,1
8,20200605,1
8,20200606,1
8,20200608,1
8,20200609,1
8,20200610,1
8,20200611,1
8,20200612,1
8,20200613,1
8,20200615,1
8,20200616,1
8,20200617,1
8,20200618,1
9,20200209,1
9,20200216,1
9,20200223,1
9,20200301,1
9,20200308,1
9,20200315,1
9,20200322,1
9,20200329,1
9,20200405,1
9,20200412,1
9,20200419,1
9,20200426,1
9,20200503,1
9,20200510,1
9,20200517,1
9,20200524,1
9,20200531,1
9,20200607,1
9,20200614,1
10,20200209,1
11,20200215,1
11,20200216,1
11,20200222,1
11,20200223,1
11,20200229,1
11,20200301,1
11,20200307,1
11,20200308,1
11,20200314,1
11,20200315,1
11,20200321,1
11,20200322,1
11,20200328,1
11,20200329,1
11,20200404,1
11,20200405,1
11,20200410,1
11,20200411,1
11,20200412,1
11,20200413,1
11,20200418,1
11,20200419,1
11,20200425,1
11,20200426,1
11,20200501,1
11,20200502,1
11,20200503,1
11,20200509,1
11,20200510,1
11,20200516,1
11,20200517,1
11,20200521,1
11,20200523,1
11,20200524,1
11,20200530,1
11,20200531,1
11,20200606,1
11,20200607,1
11,20200613,1
11,20200614,1
12,20200215,1
12,20200222,1
12,20200229,1
12,20200307,1
12,20200314,1
12,20200321,1
12,20200328,1
12,20200404,1
12,20200410,1
12,20200411,1
12,20200412,1
12,20200418,1
12,20200425,1
12,20200501,1
12,20200502,1
12,20200509,1
12,20200516,1
12,20200523,1
12,20200530,1
12,20200606,1
12,20200613,1
13,20200214,1
13,20200221,1
13,20200228,1
13,20200306,1
13,20200313,1
13,20200320,1
13,20200327,1
13,20200403,1
13,20200409,1
13,20200417,1
13,20200424,1
13,20200429,1
13,20200430,1
13,20200508,1
13,20200515,1
13,20200520,1
13,20200522,1
13,20200529,1
13,20200605,1
13,20200612,1
14,20200209,1
14,20200216,1
14,20200223,1
14,20200301,1
14,20200308,1
14,20200315,1
14,20200322,1
14,20200329,1
14,20200405,1
14,20200413,1
14,20200419,1
14,20200426,1
14,20200503,1
14,20200510,1
14,20200517,1
14,20200521,1
14,20200524,1
14,20200531,1
14,20200607,1
14,20200614,1
15,20200210,1
15,20200211,1
15,20200212,1
15,20200213,1
15,20200217,1
15,20200218,1
15,20200219,1
15,20200220,1
15,20200224,1
15,20200225,1
15,20200226,1
15,20200227,1
15,20200302,1
15,20200303,1
15,20200304,1
15,20200305,1
15,20200309,1
15,20200310,1
15,20200311,1
15,20200312,1
15,20200316,1
15,20200317,1
15,20200318,1
15,20200319,1
15,20200323,1
15,20200324,1
15,20200325,1
15,20200326,1
15,20200330,1
15,20200331,1
15,20200401,1
15,20200402,1
15,20200406,1
15,20200407,1
15,20200408,1
15,20200414,1
15,20200415,1
15,20200416,1
15,20200420,1
15,20200421,1
15,20200422,1
15,20200423,1
15,20200427,1
15,20200428,1
15,20200504,1
15,20200505,1
15,20200506,1
15,20200507,1
15,20200511,1
15,20200512,1
15,20200513,1
15,20200514,1
15,20200518,1
15,20200519,1
15,20200525,1
15,20200526,1
15,20200527,1
15,20200528,1
15,20200601,1
15,20200602,1
15,20200603,1
15,20200604,1
15,20200608,1
15,20200609,1
15,20200610,1
15,20200611,1
16,20200210,1
16,20200211,1
16,20200212,1
16,20200213,1
16,20200214,1
16,20200215,1
16,20200216,1
16,20200217,1
16,20200218,1
16,20200219,1
16,20200220,1
16,20200221,1
16,20200222,1
16,20200223,1
16,20200224,1
16,20200225,1
16,20200226,1
16,20200227,1
16,20200228,1
16,20200229,1
16,20200301,1
16,20200302,1
16,20200303,1
16,20200304,1
16,20200305,1
16,20200306,1
16,20200307,1
16,20200308,1
16,20200309,1
16,20200310,1
16,20200311,1
16,20200312,1
16,20200313,1
16,20200314,1
16,20200315,1
16,20200316,1
16,20200317,1
16,20200318,1
16,20200319,1
16,20200320,1
16,20200321,1
16,20200322,1
16,20200323,1
16,20200324,1
16,20200325,1
16,20200326,1
16,20200327,1
16,20200328,1
16,20200329,1
16,20200330,1
16,20200331,1
16,20200401,1
16,20200402,1
16,20200403,1
16,20200404,1
16,20200405,1
16,20200406,1
16,20200407,1
16,20200408,1
16,20200409,1
16,20200410,1
16,20200411,1
16,20200412,1
16,20200413,1
16,20200414,1
16,20200415,1
16,20200416,1
16,20200417,1
16,20200418,1
16,20200419,1
16,20200420,1
16,20200421,1
16,20200422,1
16,20200423,1
16,20200424,1
16,20200425,1
16,20200426,1
16,20200427,1
16,20200428,1
16,20200429,1
16,20200430,1
16,20200501,1
16,20200502,1
16,20200503,1
16,20200504,1
16,20200505,1
16,20200506,1
16,20200507,1
16,20200508,1
16,20200509,1
16,20200510,1
16,20200511,1
16,20200512,1
16,20200513,1
16,20200514,1
16,20200515,1
16,20200516,1
16,20200517,1
16,20200518,1
16,20200519,1
16,20200520,1
16,20200521,1
16,20200522,1
16,20200523,1
16,20200524,1
16,20200525,1
16,20200526,1
16,20200527,1
16,20200528,1
16,20200529,1
16,20200530,1
16,20200531,1
16,20200601,1
16,20200602,1
16,20200603,1
16,20200604,1
16,20200605,1
16,20200606,1
16,20200607,1
16,20200608,1
16,20200609,1
16,20200610,1
16,20200611,1
16,20200612,1
16,20200613,1
16,20200614,1
17,20200214,1
17,20200215,1
17,20200221,1
17,20200222,1
17,20200228,1
17,20200229,1
17,20200306,1
17,20200307,1
17,20200313,1
17,20200314,1
17,20200320,1
17,20200321,1
17,20200327,1
17,20200328,1
17,20200403,1
17,20200404,1
17,20200409,1
17,20200410,1
17,20200411,1
17,20200412,1
17,20200417,1
17,20200418,1
17,20200424,1
17,20200425,1
17,20200429,1
17,20200430,1
17,20200501,1
17,20200502,1
17,20200508,1
17,20200509,1
17,20200515,1
17,20200516,1
17,20200520,1
17,20200522,1
17,20200523,1
17,20200529,1
17,20200530,1
17,20200605,1
17,20200606,1
17,20200612,1
17,20200613,1
18,20200210,1
18,20200211,1
18,20200212,1
18,20200213,1
18,20200216,1
18,20200217,1
18,20200218,1
18,20200219,1
18,20200220,1
18,20200223,1
18,20200224,1
18,20200225,1
18,20200226,1
18,20200227,1
18,20200301,1
18,20200302,1
18,20200303,1
18,20200304,1
18,20200305,1
18,20200308,1
18,20200309,1
18,20200310,1
18,20200311,1
18,20200312,1
18,20200315,1
18,20200316,1
18,20200317,1
18,20200318,1
18,20200319,1
18,20200322,1
18,20200323,1
18,20200324,1
18,20200325,1
18,20200326,1
18,20200329,1
18,20200330,1
18,20200331,1
18,20200401,1
18,20200402,1
18,20200405,1
18,20200406,1
18,20200407,1
18,20200408,1
18,20200413,1
18,20200414,1
18,20200415,1
18,20200416,1
18,20200419,1
18,20200420,1
18,20200421,1
18,20200422,1
18,20200423,1
18,20200426,1
18,20200427,1
18,20200428,1
18,20200503,1
18,20200504,1
18,20200505,1
18,20200506,1
18,20200507,1
18,20200510,1
18,20200511,1
18,20200512,1
18,20200513,1
18,20200514,1
18,20200517,1
18,20200518,1
18,20200519,1
18,20200521,1
18,20200524,1
18,20200525,1
18,20200526,1
18,20200527,1
18,20200528,1
18,20200531,1
18,20200601,1
18,20200602,1
18,20200603,1
18,20200604,1
18,20200607,1
18,20200608,1
18,20200609,1
18,20200610,1
18,20200611,1
18,20200614,1
19,20200210,1
19,20200211,1
19,20200212,1
19,20200213,1
19,20200214,1
19,20200224,1
19,20200225,1
19,20200226,1
19,20200227,1
19,20200228,1
19,20200302,1
19,20200303,1
19,20200304,1
19,20200305,1
19,20200306,1
19,20200309,1
19,20200310,1
19,20200311,1
19,20200312,1
19,20200313,1
19,20200316,1
19,20200317,1
19,20200318,1
19,20200319,1
19,20200320,1
19,20200324,1
19,20200325,1
19,20200326,1
19,20200327,1
19,20200330,1
19,20200331,1
19,20200401,1
19,20200402,1
19,20200403,1
19,20200414,1
19,20200415,1
19,20200416,1
19,20200417,1
19,20200420,1
19,20200421,1
19,20200422,1
19,20200423,1
19,20200424,1
19,20200427,1
19,20200428,1
19,20200429,1
19,20200430,1
19,20200504,1
19,20200505,1
19,20200506,1
19,20200507,1
19,20200508,1
19,20200511,1
19,20200512,1
19,20200513,1
19,20200514,1
19,20200515,1
19,20200518,1
19,20200519,1
19,20200520,1
19,20200525,1
19,20200526,1
19,20200527,1
19,20200528,1
19,20200529,1
19,20200601,1
19,20200602,1
19,20200603,1
19,20200604,1
19,20200605,1
19,20200608,1
19,20200609,1
19,20200610,1
19,20200611,1
20,20200210,1
20,20200211,1
20,20200212,1
20,20200213,1
20,20200214,1
20,20200224,1
20,20200225,1
20,20200226,1
20,20200227,1
20,20200228,1
20,20200302,1
20,20200303,1
20,20200304,1
20,20200305,1
20,20200306,1
20,20200309,1
20,20200310,1
20,20200311,1
20,20200312,1
20,20200313,1
20,20200316,1
20,20200317,1
20,20200318,1
20,20200319,1
20,20200320,1
20,20200323,1
20,20200324,1
20,20200325,1
20,20200326,1
20,20200327,1
20,20200330,1
20,20200331,1
20,20200401,1
20,20200402,1
20,20200403,1
20,20200414,1
20,20200415,1
20,20200416,1
20,20200417,1
20,20200420,1
20,20200421,1
20,20200422,1
20,20200423,1
20,20200424,1
20,20200427,1
20,20200428,1
20,20200429,1
20,20200504,1
20,20200505,1
20,20200506,1
20,20200507,1
20,20200508,1
20,20200511,1
20,20200512,1
20,20200513,1
20,20200514,1
20,20200515,1
20,20200518,1
20,20200519,1
20,20200520,1
20,20200525,1
20,20200526,1
20,20200527,1
20,20200528,1
20,20200529,1
20,20200601,1
20,20200602,1
20,20200603,1
20,20200604,1
20,20200605,1
20,20200608,1
20,20200609,1
21,20200210,1
21,20200224,1
21,20200302,1
21,20200309,1
21,20200316,1
21,20200323,1
21,20200330,1
21,20200420,1
21,20200427,1
21,20200504,1
21,20200511,1
21,20200518,1
21,20200525,1
21,20200601,1
21,20200608,1
22,20200214,1
22,20200221,1
22,20200228,1
22,20200306,1
22,20200313,1
22,20200320,1
22,20200327,1
22,20200403,1
22,20200409,1
22,20200417,1
22,20200424,1
22,20200430,1
22,20200508,1
22,20200515,1
22,20200520,1
22,20200522,1
22,20200529,1
22,20200605,1
22,20200612,1
23,20200217,1
23,20200218,1
23,20200219,1
23,20200220,1
23,20200221,1
23,20200406,1
23,20200407,1
23,20200408,1
23,20200409,1
23,20200430,1
23,20200522,1
23,20200610,1
23,20200611,1
23,20200612,1
24,20200215,1
24,20200222,1
24,20200229,1
24,20200307,1
24,20200314,1
24,20200321,1
24,20200328,1
24,20200404,1
24,20200411,1
24,20200418,1
24,20200425,1
24,20200502,1
24,20200509,1
24,20200516,1
24,20200523,1
24,20200530,1
24,20200613,1
25,20200209,1
25,20200216,1
25,20200223,1
25,20200301,1
25,20200308,1
25,20200315,1
25,20200322,1
25,20200329,1
25,20200405,1
25,20200410,1
25,20200412,1
25,20200413,1
25,20200419,1
25,20200426,1
25,20200501,1
25,20200503,1
25,20200510,1
25,20200517,1
25,20200521,1
25,20200524,1
25,20200531,1
25,20200606,1
25,20200607,1
25,20200614,1
26,20200410,1
26,20200412,1
26,20200501,1
26,20200606,1
27,20200210,1
27,20200213,1
27,20200214,1
27,20200224,1
27,20200227,1
27,20200228,1
27,20200302,1
27,20200305,1
27,20200306,1
27,20200309,1
27,20200312,1
27,20200313,1
27,20200316,1
27,20200319,1
27,20200320,1
27,20200323,1
27,20200326,1
27,20200327,1
27,20200330,1
27,20200402,1
27,20200403,1
27,20200416,1
27,20200417,1
27,20200420,1
27,20200423,1
27,20200424,1
27,20200427,1
27,20200504,1
27,20200507,1
27,20200508,1
27,20200511,1
27,20200514,1
27,20200515,1
27,20200518,1
27,20200525,1
27,20200528,1
27,20200529,1
27,20200601,1
27,20200604,1
27,20200605,1
27,20200608,1
28,20200212,1
28,20200226,1
28,20200304,1
28,20200311,1
28,20200318,1
28,20200325,1
28,20200401,1
28,20200415,1
28,20200422,1
28,20200429,1
28,20200506,1
28,20200513,1
28,20200520,1
28,20200527,1
28,20200603,1
29,20200211,1
29,20200225,1
29,20200303,1
29,20200310,1
29,20200317,1
29,20200324,1
29,20200331,1
29,20200414,1
29,20200421,1
29,20200428,1
29,20200505,1
29,20200512,1
29,20200519,1
29,20200526,1
29,20200602,1
29,20200609,1
30,20200211,1
30,20200212,1
30,20200225,1
30,20200226,1
30,20200303,1
30,20200304,1
30,20200310,1
30,20200311,1
30,20200317,1
30,20200318,1
30,20200324,1
30,20200325,1
30,20200331,1
30,20200401,1
30,20200414,1
30,20200415,1
30,20200421,1
30,20200422,1
30,20200428,1
30,20200429,1
30,20200505,1
30,20200506,1
30,20200512,1
30,20200513,1
30,20200519,1
30,20200520,1
30,20200526,1
30,20200527,1
30,20200602,1
30,20200603,1
30,20200609,1
31,20200210,1
31,20200211,1
31,20200212,1
31,20200213,1
31,20200224,1
31,20200225,1
31,20200226,1
31,20200227,1
31,20200302,1
31,20200303,1
31,20200304,1
31,20200305,1
31,20200309,1
31,20200310,1
31,20200311,1
31,20200312,1
31,20200316,1
31,20200317,1
31,20200318,1
31,20200319,1
31,20200323,1
31,20200324,1
31,20200325,1
31,20200326,1
31,20200330,1
31,20200331,1
31,20200401,1
31,20200402,1
31,20200414,1
31,20200415,1
31,20200416,1
31,20200420,1
31,20200421,1
31,20200422,1
31,20200423,1
31,20200427,1
31,20200428,1
31,20200429,1
31,20200504,1
31,20200505,1
31,20200506,1
31,20200507,1
31,20200511,1
31,20200512,1
31,20200513,1
31,20200514,1
31,20200518,1
31,20200519,1
31,20200520,1
31,20200525,1
31,20200526,1
31,20200527,1
31,20200528,1
31,20200601,1
31,20200602,1
31,20200603,1
31,20200604,1
31,20200608,1
31,20200609,1
32,20200210,1
32,20200213,1
32,20200224,1
32,20200227,1
32,20200302,1
32,20200305,1
32,20200309,1
32,20200312,1
32,20200316,1
32,20200319,1
32,20200323,1
32,20200326,1
32,20200330,1
32,20200402,1
32,20200416,1
32,20200420,1
32,20200423,1
32,20200427,1
32,20200504,1
32,20200507,1
32,20200511,1
32,20200514,1
32,20200518,1
32,20200525,1
32,20200528,1
32,20200601,1
32,20200604,1
32,20200608,1
33,20200210,1
33,20200212,1
33,20200224,1
33,20200226,1
33,20200302,1
33,20200304,1
33,20200309,1
33,20200311,1
33,20200316,1
33,20200318,1
33,20200323,1
33,20200325,1
33,20200330,1
33,20200401,1
33,20200415,1
33,20200420,1
33,20200422,1
33,20200427,1
33,20200429,1
33,20200504,1
33,20200506,1
33,20200511,1
33,20200513,1
33,20200518,1
33,20200520,1
33,20200525,1
33,20200527,1
33,20200601,1
33,20200603,1
33,20200608,1
34,20200211,1
34,20200213,1
34,20200225,1
34,20200227,1
34,20200303,1
34,20200305,1
34,20200310,1
34,20200312,1
34,20200317,1
34,20200319,1
34,20200324,1
34,20200326,1
34,20200331,1
34,20200402,1
34,20200414,1
34,20200416,1
34,20200421,1
34,20200423,1
34,20200428,1
34,20200505,1
34,20200507,1
34,20200512,1
34,20200514,1
34,20200519,1
34,20200526,1
34,20200528,1
34,20200602,1
34,20200604,1
34,20200609,1
35,20200210,1
35,20200212,1
35,20200213,1
35,20200224,1
35,20200226,1
35,20200227,1
35,20200302,1
35,20200304,1
35,20200305,1
35,20200309,1
35,20200311,1
35,20200312,1
35,20200316,1
35,20200318,1
35,20200319,1
35,20200323,1
35,20200325,1
35,20200326,1
35,20200330,1
35,20200401,1
35,20200402,1
35,20200415,1
35,20200416,1
35,20200420,1
35,20200422,1
35,20200423,1
35,20200427,1
35,20200429,1
35,20200504,1
35,20200506,1
35,20200507,1
35,20200511,1
35,20200513,1
35,20200514,1
35,20200518,1
35,20200520,1
35,20200525,1
35,20200527,1
35,20200528,1
35,20200601,1
35,20200603,1
35,20200604,1
35,20200608,1
36,20200214,1
36,20200228,1
36,20200306,1
36,20200313,1
36,20200320,1
36,20200327,1
36,20200403,1
36,20200417,1
36,20200424,1
36,20200508,1
36,20200515,1
36,20200529,1
36,20200605,1
37,20200213,1
37,20200227,1
37,20200305,1
37,20200312,1
37,20200319,1
37,20200326,1
37,20200402,1
37,20200416,1
37,20200423,1
37,20200507,1
37,20200514,1
37,20200528,1
37,20200604,1
38,20200210,1
38,20200212,1
38,20200213,1
38,20200214,1
38,20200224,1
38,20200226,1
38,20200227,1
38,20200228,1
38,20200302,1
38,20200304,1
38,20200305,1
38,20200306,1
38,20200309,1
38,20200311,1
38,20200312,1
38,20200313,1
38,20200316,1
38,20200318,1
38,20200319,1
38,20200320,1
38,20200323,1
38,20200325,1
38,20200326,1
38,20200327,1
38,20200330,1
38,20200401,1
38,20200402,1
38,20200403,1
38,20200415,1
38,20200416,1
38,20200417,1
38,20200420,1
38,20200422,1
38,20200423,1
38,20200424,1
38,20200427,1
38,20200429,1
38,20200504,1
38,20200506,1
38,20200507,1
38,20200508,1
38,20200511,1
38,20200513,1
38,20200514,1
38,20200515,1
38,20200518,1
38,20200520,1
38,20200525,1
38,20200527,1
38,20200528,1
38,20200529,1
38,20200601,1
38,20200603,1
38,20200604,1
38,20200605,1
38,20200608,1
39,20200210,1
39,20200211,1
39,20200213,1
39,20200214,1
39,20200224,1
39,20200225,1
39,20200227,1
39,20200228,1
39,20200302,1
39,20200303,1
39,20200305,1
39,20200306,1
39,20200309,1
39,20200310,1
39,20200312,1
39,20200313,1
39,20200316,1
39,20200317,1
39,20200319,1
39,20200320,1
39,20200323,1
39,20200324,1
39,20200326,1
39,20200327,1
39,20200330,1
39,20200331,1
39,20200402,1
39,20200403,1
39,20200414,1
39,20200416,1
39,20200417,1
39,20200420,1
39,20200421,1
39,20200423,1
39,20200424,1
39,20200427,1
39,20200428,1
39,20200504,1
39,20200505,1
39,20200507,1
39,20200508,1
39,20200511,1
39,20200512,1
39,20200514,1
39,20200515,1
39,20200518,1
39,20200519,1
39,20200525,1
39,20200526,1
39,20200528,1
39,20200529,1
39,20200601,1
39,20200602,1
39,20200604,1
39,20200605,1
39,20200608,1
39,20200609,1
40,20200211,1
40,20200214,1
40,20200225,1
40,20200228,1
40,20200303,1
40,20200306,1
40,20200310,1
40,20200313,1
40,20200317,1
40,20200320,1
40,20200324,1
40,20200327,1
40,20200331,1
40,20200403,1
40,20200414,1
40,20200417,1
40,20200421,1
40,20200424,1
40,20200428,1
40,20200505,1
40,20200508,1
40,20200512,1
40,20200515,1
40,20200519,1
40,20200526,1
40,20200529,1
40,20200602,1
40,20200605,1
40,20200609,1
41,20200210,1
41,20200211,1
41,20200224,1
41,20200225,1
41,20200302,1
41,20200303,1
41,20200309,1
41,20200310,1
41,20200316,1
41,20200317,1
41,20200323,1
41,20200324,1
41,20200330,1
41,20200331,1
41,20200414,1
41,20200420,1
41,20200421,1
41,20200427,1
41,20200428,1
41,20200504,1
41,20200505,1
41,20200511,1
41,20200512,1
41,20200518,1
41,20200519,1
41,20200525,1
41,20200526,1
41,20200601,1
41,20200602,1
41,20200608,1
41,20200609,1
42,20200212,1
42,20200213,1
42,20200214,1
42,20200226,1
42,20200227,1
42,20200228,1
42,20200304,1
42,20200305,1
42,20200306,1
42,20200311,1
42,20200312,1
42,20200313,1
42,20200318,1
42,20200319,1
42,20200320,1
42,20200325,1
42,20200326,1
42,20200327,1
42,20200401,1
42,20200402,1
42,20200403,1
42,20200415,1
42,20200416,1
42,20200417,1
42,20200422,1
42,20200423,1
42,20200424,1
42,20200429,1
42,20200506,1
42,20200507,1
42,20200508,1
42,20200513,1
42,20200514,1
42,20200515,1
42,20200520,1
42,20200527,1
42,20200528,1
42,20200529,1
42,20200603,1
42,20200604,1
42,20200605,1
43,20200211,1
43,20200212,1
43,20200213,1
43,20200225,1
43,20200226,1
43,20200227,1
43,20200303,1
43,20200304,1
43,20200305,1
43,20200310,1
43,20200311,1
43,20200312,1
43,20200317,1
43,20200318,1
43,20200319,1
43,20200324,1
43,20200325,1
43,20200326,1
43,20200331,1
43,20200401,1
43,20200402,1
43,20200414,1
43,20200415,1
43,20200416,1
43,20200421,1
43,20200422,1
43,20200423,1
43,20200428,1
43,20200429,1
43,20200505,1
43,20200506,1
43,20200507,1
43,20200512,1
43,20200513,1
43,20200514,1
43,20200519,1
43,20200520,1
43,20200526,1
43,20200527,1
43,20200528,1
43,20200602,1
43,20200603,1
43,20200604,1
43,20200609,1
44,20200210,1
44,20200214,1
44,20200224,1
44,20200228,1
44,20200302,1
44,20200306,1
44,20200309,1
44,20200313,1
44,20200316,1
44,20200320,1
44,20200323,1
44,20200327,1
44,20200330,1
44,20200403,1
44,20200417,1
44,20200420,1
44,20200424,1
44,20200427,1
44,20200504,1
44,20200508,1
44,20200511,1
44,20200515,1
44,20200518,1
44,20200525,1
44,20200529,1
44,20200601,1
44,20200605,1
44,20200608,1
45,20200213,1
45,20200214,1
45,20200227,1
45,20200228,1
45,20200305,1
45,20200306,1
45,20200312,1
45,20200313,1
45,20200319,1
45,20200320,1
45,20200326,1
45,20200327,1
45,20200402,1
45,20200403,1
45,20200416,1
45,20200417,1
45,20200423,1
45,20200424,1
45,20200507,1
45,20200508,1
45,20200514,1
45,20200515,1
45,20200528,1
45,20200529,1
45,20200604,1
45,20200605,1
46,20200211,1
46,20200212,1
46,20200214,1
46,20200225,1
46,20200226,1
46,20200228,1
46,20200303,1
46,20200304,1
46,20200306,1
46,20200310,1
46,20200311,1
46,20200313,1
46,20200317,1
46,20200318,1
46,20200320,1
46,20200324,1
46,20200325,1
46,20200327,1
46,20200331,1
46,20200401,1
46,20200403,1
46,20200414,1
46,20200415,1
46,20200417,1
46,20200421,1
46,20200422,1
46,20200424,1
46,20200428,1
46,20200429,1
46,20200505,1
46,20200506,1
46,20200508,1
46,20200512,1
46,20200513,1
46,20200515,1
46,20200519,1
46,20200520,1
46,20200526,1
46,20200527,1
46,20200529,1
46,20200602,1
46,20200603,1
46,20200605,1
46,20200609,1
47,20200210,1
47,20200211,1
47,20200213,1
47,20200214,1
47,20200217,1
47,20200218,1
47,20200220,1
47,20200221,1
47,20200224,1
47,20200225,1
47,20200227,1
47,20200228,1
47,20200302,1
47,20200303,1
47,20200305,1
47,20200306,1
47,20200309,1
47,20200310,1
47,20200312,1
47,20200313,1
47,20200316,1
47,20200317,1
47,20200319,1
47,20200320,1
47,20200323,1
47,20200324,1
47,20200326,1
47,20200327,1
47,20200330,1
47,20200331,1
47,20200402,1
47,20200403,1
47,20200406,1
47,20200407,1
47,20200409,1
47,20200414,1
47,20200416,1
47,20200417,1
47,20200420,1
47,20200421,1
47,20200423,1
47,20200424,1
47,20200427,1
47,20200428,1
47,20200430,1
47,20200504,1
47,20200505,1
47,20200507,1
47,20200508,1
47,20200511,1
47,20200512,1
47,20200514,1
47,20200515,1
47,20200518,1
47,20200519,1
47,20200522,1
47,20200525,1
47,20200526,1
47,20200528,1
47,20200529,1
47,20200601,1
47,20200602,1
47,20200604,1
47,20200605,1
47,20200608,1
47,20200609,1
47,20200611,1
47,20200612,1
48,20200212,1
48,20200219,1
48,20200226,1
48,20200304,1
48,20200311,1
48,20200318,1
48,20200325,1
48,20200401,1
48,20200408,1
48,20200415,1
48,20200422,1
48,20200429,1
48,20200506,1
48,20200513,1
48,20200520,1
48,20200527,1
48,20200603,1
48,20200610,1
49,20200217,1
49,20200218,1
49,20200220,1
49,20200221,1
49,20200406,1
49,20200407,1
49,20200409,1
49,20200430,1
49,20200522,1
49,20200611,1
49,20200612,1
50,20200219,1
50,20200408,1
50,20200610,1
51,20200409,1
51,20200430,1
51,20200520,1
52,20200214,1
52,20200221,1
52,20200228,1
52,20200306,1
52,20200313,1
52,20200320,1
52,20200327,1
52,20200403,1
52,20200417,1
52,20200424,1
52,20200508,1
52,20200515,1
52,20200522,1
52,20200529,1
52,20200605,1
52,20200612,1
53,20200210,1
53,20200211,1
53,20200212,1
53,20200224,1
53,20200225,1
53,20200226,1
53,20200302,1
53,20200303,1
53,20200304,1
53,20200309,1
53,20200310,1
53,20200311,1
53,20200316,1
53,20200317,1
53,20200318,1
53,20200323,1
53,20200324,1
53,20200325,1
53,20200330,1
53,20200331,1
53,20200401,1
53,20200414,1
53,20200415,1
53,20200420,1
53,20200421,1
53,20200422,1
53,20200427,1
53,20200428,1
53,20200429,1
53,20200504,1
53,20200505,1
53,20200506,1
53,20200511,1
53,20200512,1
53,20200513,1
53,20200518,1
53,20200519,1
53,20200520,1
53,20200525,1
53,20200526,1
53,20200527,1
53,20200601,1
53,20200602,1
53,20200603,1
53,20200608,1
53,20200609,1
54,20200210,1
54,20200211,1
54,20200212,1
54,20200214,1
54,20200224,1
54,20200225,1
54,20200226,1
54,20200228,1
54,20200302,1
54,20200303,1
54,20200304,1
54,20200306,1
54,20200309,1
54,20200310,1
54,20200311,1
54,20200313,1
54,20200316,1
54,20200317,1
54,20200318,1
54,20200320,1
54,20200323,1
54,20200324,1
54,20200325,1
54,20200327,1
54,20200330,1
54,20200331,1
54,20200401,1
54,20200403,1
54,20200414,1
54,20200415,1
54,20200417,1
54,20200420,1
54,20200421,1
54,20200422,1
54,20200424,1
54,20200427,1
54,20200428,1
54,20200429,1
54,20200504,1
54,20200505,1
54,20200506,1
54,20200508,1
54,20200511,1
54,20200512,1
54,20200513,1
54,20200515,1
54,20200518,1
54,20200519,1
54,20200520,1
54,20200525,1
54,20200526,1
54,20200527,1
54,20200529,1
54,20200601,1
54,20200602,1
54,20200603,1
54,20200605,1
54,20200608,1
54,20200609,1
55,20200210,1
55,20200211,1
55,20200213,1
55,20200224,1
55,20200225,1
55,20200227,1
55,20200302,1
55,20200303,1
55,20200305,1
55,20200309,1
55,20200310,1
55,20200312,1
55,20200316,1
55,20200317,1
55,20200319,1
55,20200323,1
55,20200324,1
55,20200326,1
55,20200330,1
55,20200331,1
55,20200402,1
55,20200414,1
55,20200416,1
55,20200420,1
55,20200421,1
55,20200423,1
55,20200427,1
55,20200428,1
55,20200504,1
55,20200505,1
55,20200507,1
55,20200511,1
55,20200512,1
55,20200514,1
55,20200518,1
55,20200519,1
55,20200525,1
55,20200526,1
55,20200528,1
55,20200601,1
55,20200602,1
55,20200604,1
55,20200608,1
55,20200609,1
56,20200212,1
56,20200214,1
56,20200226,1
56,20200228,1
56,20200304,1
56,20200306,1
56,20200311,1
56,20200313,1
56,20200318,1
56,20200320,1
56,20200325,1
56,20200327,1
56,20200401,1
56,20200403,1
56,20200415,1
56,20200417,1
56,20200422,1
56,20200424,1
56,20200429,1
56,20200506,1
56,20200508,1
56,20200513,1
56,20200515,1
56,20200520,1
56,20200527,1
56,20200529,1
56,20200603,1
56,20200605,1
57,20200210,1
57,20200211,1
57,20200212,1
57,20200213,1
57,20200214,1
57,20200217,1
57,20200218,1
57,20200219,1
57,20200220,1
57,20200221,1
57,20200302,1
57,20200303,1
57,20200304,1
57,20200305,1
57,20200306,1
57,20200309,1
57,20200310,1
57,20200311,1
57,20200312,1
57,20200313,1
57,20200316,1
57,20200317,1
57,20200318,1
57,20200319,1
57,20200320,1
57,20200323,1
57,20200324,1
57,20200325,1
57,20200326,1
57,20200327,1
57,20200330,1
57,20200331,1
57,20200401,1
57,20200402,1
57,20200403,1
57,20200406,1
57,20200407,1
57,20200408,1
57,20200409,1
57,20200420,1
57,20200421,1
57,20200422,1
57,20200423,1
57,20200424,1
57,20200427,1
57,20200428,1
57,20200429,1
57,20200430,1
57,20200504,1
57,20200505,1
57,20200506,1
57,20200507,1
57,20200508,1
57,20200511,1
57,20200512,1
57,20200513,1
57,20200514,1
57,20200515,1
57,20200518,1
57,20200519,1
57,20200520,1
57,20200525,1
57,20200526,1
57,20200527,1
57,20200528,1
57,20200529,1
57,20200601,1
57,20200602,1
57,20200603,1
57,20200604,1
57,20200605,1
57,20200608,1
57,20200609,1
57,20200610,1
57,20200611,1
58,20200209,1
58,20200210,1
58,20200211,1
58,20200212,1
58,20200213,1
58,20200214,1
58,20200216,1
58,20200217,1
58,20200218,1
58,20200219,1
58,20200220,1
58,20200221,1
58,20200223,1
58,20200224,1
58,20200225,1
58,20200226,1
58,20200227,1
58,20200228,1
58,20200301,1
58,20200302,1
58,20200303,1
58,20200304,1
58,20200305,1
58,20200306,1
58,20200308,1
58,20200309,1
58,20200310,1
58,20200311,1
58,20200312,1
58,20200313,1
58,20200315,1
58,20200316,1
58,20200317,1
58,20200318,1
58,20200319,1
58,20200320,1
58,20200322,1
58,20200323,1
58,20200324,1
58,20200325,1
58,20200326,1
58,20200327,1
58,20200329,1
58,20200330,1
58,20200331,1
58,20200401,1
58,20200402,1
58,20200403,1
58,20200405,1
58,20200406,1
58,20200407,1
58,20200408,1
58,20200409,1
58,20200410,1
58,20200412,1
58,20200413,1
58,20200414,1
58,20200415,1
58,20200416,1
58,20200417,1
58,20200419,1
58,20200420,1
58,20200421,1
58,20200422,1
58,20200423,1
58,20200424,1
58,20200426,1
58,20200427,1
58,20200428,1
58,20200429,1
58,20200430,1
58,20200501,1
58,20200503,1
58,20200504,1
58,20200505,1
58,20200506,1
58,20200507,1
58,20200508,1
58,20200510,1
58,20200511,1
58,20200512,1
58,20200513,1
58,20200514,1
58,20200515,1
58,20200517,1
58,20200518,1
58,20200519,1
58,20200520,1
58,20200521,1
58,20200522,1
58,20200524,1
58,20200525,1
58,20200526,1
58,20200527,1
58,20200528,1
58,20200529,1
58,20200531,1
58,20200601,1
58,20200602,1
58,20200603,1
58,20200604,1
58,20200605,1
58,20200606,1
58,20200607,1
58,20200608,1
58,20200609,1
58,20200610,1
58,20200611,1
58,20200612,1
58,20200614,1
59,20200224,1
59,20200225,1
59,20200226,1
59,20200227,1
59,20200228,1
59,20200414,1
59,20200415,1
59,20200416,1
59,20200417,1
59,20200522,1
59,20200612,1
60,20200210,1
60,20200211,1
60,20200213,1
60,20200214,1
60,20200217,1
60,20200218,1
60,20200220,1
60,20200221,1
60,20200302,1
60,20200303,1
60,20200305,1
60,20200306,1
60,20200309,1
60,20200310,1
60,20200312,1
60,20200313,1
60,20200316,1
60,20200317,1
60,20200319,1
60,20200320,1
60,20200323,1
60,20200324,1
60,20200326,1
60,20200327,1
60,20200330,1
60,20200331,1
60,20200402,1
60,20200403,1
60,20200406,1
60,20200407,1
60,20200409,1
60,20200420,1
60,20200421,1
60,20200423,1
60,20200424,1
60,20200427,1
60,20200428,1
60,20200430,1
60,20200504,1
60,20200505,1
60,20200507,1
60,20200508,1
60,20200511,1
60,20200512,1
60,20200514,1
60,20200515,1
60,20200518,1
60,20200519,1
60,20200525,1
60,20200526,1
60,20200528,1
60,20200529,1
60,20200601,1
60,20200602,1
60,20200604,1
60,20200605,1
60,20200608,1
60,20200609,1
60,20200611,1
61,20200210,1
61,20200211,1
61,20200212,1
61,20200213,1
61,20200217,1
61,20200218,1
61,20200219,1
61,20200220,1
61,20200302,1
61,20200303,1
61,20200304,1
61,20200305,1
61,20200309,1
61,20200310,1
61,20200311,1
61,20200312,1
61,20200316,1
61,20200317,1
61,20200318,1
61,20200319,1
61,20200323,1
61,20200324,1
61,20200325,1
61,20200326,1
61,20200330,1
61,20200331,1
61,20200401,1
61,20200402,1
61,20200406,1
61,20200407,1
61,20200408,1
61,20200409,1
61,20200420,1
61,20200421,1
61,20200422,1
61,20200423,1
61,20200427,1
61,20200428,1
61,20200429,1
61,20200430,1
61,20200504,1
61,20200505,1
61,20200506,1
61,20200507,1
61,20200511,1
61,20200512,1
61,20200513,1
61,20200514,1
61,20200518,1
61,20200519,1
61,20200520,1
61,20200525,1
61,20200526,1
61,20200527,1
61,20200528,1
61,20200601,1
61,20200602,1
61,20200603,1
61,20200604,1
61,20200608,1
61,20200609,1
61,20200610,1
61,20200611,1
62,20200212,1
62,20200219,1
62,20200304,1
62,20200311,1
62,20200318,1
62,20200325,1
62,20200401,1
62,20200408,1
62,20200422,1
62,20200429,1
62,20200506,1
62,20200513,1
62,20200520,1
62,20200527,1
62,20200603,1
62,20200610,1
63,20200214,1
63,20200221,1
63,20200306,1
63,20200313,1
63,20200320,1
63,20200327,1
63,20200403,1
63,20200424,1
63,20200508,1
63,20200515,1
63,20200529,1
63,20200605,1
64,20200211,1
64,20200212,1
64,20200213,1
64,20200214,1
64,20200225,1
64,20200226,1
64,20200227,1
64,20200228,1
64,20200303,1
64,20200304,1
64,20200305,1
64,20200306,1
64,20200310,1
64,20200311,1
64,20200312,1
64,20200313,1
64,20200317,1
64,20200318,1
64,20200319,1
64,20200320,1
64,20200324,1
64,20200325,1
64,20200326,1
64,20200327,1
64,20200331,1
64,20200401,1
64,20200402,1
64,20200403,1
64,20200414,1
64,20200415,1
64,20200416,1
64,20200417,1
64,20200421,1
64,20200422,1
64,20200423,1
64,20200424,1
64,20200428,1
64,20200429,1
64,20200505,1
64,20200506,1
64,20200507,1
64,20200508,1
64,20200512,1
64,20200513,1
64,20200514,1
64,20200515,1
64,20200519,1
64,20200520,1
64,20200526,1
64,20200527,1
64,20200528,1
64,20200529,1
64,20200602,1
64,20200603,1
64,20200604,1
64,20200605,1
64,20200609,1
65,20200210,1
65,20200211,1
65,20200212,1
65,20200213,1
65,20200217,1
65,20200218,1
65,20200219,1
65,20200220,1
65,20200224,1
65,20200225,1
65,20200226,1
65,20200227,1
65,20200302,1
65,20200303,1
65,20200304,1
65,20200305,1
65,20200309,1
65,20200310,1
65,20200311,1
65,20200312,1
65,20200316,1
65,20200317,1
65,20200318,1
65,20200319,1
65,20200323,1
65,20200324,1
65,20200325,1
65,20200326,1
65,20200330,1
65,20200331,1
65,20200401,1
65,20200402,1
65,20200406,1
65,20200407,1
65,20200408,1
65,20200414,1
65,20200415,1
65,20200416,1
65,20200420,1
65,20200421,1
65,20200422,1
65,20200423,1
65,20200427,1
65,20200428,1
65,20200429,1
65,20200504,1
65,20200505,1
65,20200506,1
65,20200507,1
65,20200511,1
65,20200512,1
65,20200513,1
65,20200514,1
65,20200518,1
65,20200519,1
65,20200525,1
65,20200526,1
65,20200527,1
65,20200528,1
65,20200601,1
65,20200602,1
65,20200603,1
65,20200604,1
65,20200608,1
65,20200609,1
65,20200610,1
65,20200611,1
66,20200214,1
66,20200221,1
66,20200228,1
66,20200306,1
66,20200313,1
66,20200320,1
66,20200327,1
66,20200403,1
66,20200409,1
66,20200410,1
66,20200412,1
66,20200417,1
66,20200424,1
66,20200430,1
66,20200501,1
66,20200508,1
66,20200515,1
66,20200520,1
66,20200522,1
66,20200529,1
66,20200605,1
66,20200606,1
66,20200612,1
67,20200210,1
67,20200211,1
67,20200212,1
67,20200213,1
67,20200214,1
67,20200215,1
67,20200217,1
67,20200218,1
67,20200219,1
67,20200220,1
67,20200221,1
67,20200222,1
67,20200224,1
67,20200225,1
67,20200226,1
67,20200227,1
67,20200228,1
67,20200229,1
67,20200302,1
67,20200303,1
67,20200304,1
67,20200305,1
67,20200306,1
67,20200307,1
67,20200309,1
67,20200310,1
67,20200311,1
67,20200312,1
67,20200313,1
67,20200314,1
67,20200316,1
67,20200317,1
67,20200318,1
67,20200319,1
67,20200320,1
67,20200321,1
67,20200323,1
67,20200324,1
67,20200325,1
67,20200326,1
67,20200327,1
67,20200328,1
67,20200330,1
67,20200331,1
67,20200401,1
67,20200402,1
67,20200403,1
67,20200404,1
67,20200406,1
67,20200407,1
67,20200408,1
67,20200409,1
67,20200411,1
67,20200414,1
67,20200415,1
67,20200416,1
67,20200417,1
67,20200418,1
67,20200420,1
67,20200421,1
67,20200422,1
67,20200423,1
67,20200424,1
67,20200425,1
67,20200427,1
67,20200428,1
67,20200429,1
67,20200430,1
67,20200502,1
67,20200504,1
67,20200505,1
67,20200506,1
67,20200507,1
67,20200508,1
67,20200509,1
67,20200511,1
67,20200512,1
67,20200513,1
67,20200514,1
67,20200515,1
67,20200516,1
67,20200518,1
67,20200519,1
67,20200520,1
67,20200522,1
67,20200523,1
67,20200525,1
67,20200526,1
67,20200527,1
67,20200528,1
67,20200529,1
67,20200530,1
67,20200601,1
67,20200602,1
67,20200603,1
67,20200604,1
67,20200605,1
67,20200608,1
67,20200609,1
67,20200610,1
67,20200611,1
67,20200612,1
67,20200613,1
68,20200211,1
68,20200212,1
68,20200213,1
68,20200214,1
68,20200218,1
68,20200219,1
68,20200220,1
68,20200221,1
68,20200225,1
68,20200226,1
68,20200227,1
68,20200228,1
68,20200303,1
68,20200304,1
68,20200305,1
68,20200306,1
68,20200310,1
68,20200311,1
68,20200312,1
68,20200313,1
68,20200317,1
68,20200318,1
68,20200319,1
68,20200320,1
68,20200324,1
68,20200325,1
68,20200326,1
68,20200327,1
68,20200331,1
68,20200401,1
68,20200402,1
68,20200403,1
68,20200407,1
68,20200408,1
68,20200409,1
68,20200414,1
68,20200415,1
68,20200416,1
68,20200417,1
68,20200421,1
68,20200422,1
68,20200423,1
68,20200424,1
68,20200428,1
68,20200429,1
68,20200430,1
68,20200505,1
68,20200506,1
68,20200507,1
68,20200508,1
68,20200512,1
68,20200513,1
68,20200514,1
68,20200515,1
68,20200519,1
68,20200520,1
68,20200522,1
68,20200526,1
68,20200527,1
68,20200528,1
68,20200529,1
68,20200602,1
68,20200603,1
68,20200604,1
68,20200605,1
68,20200609,1
68,20200610,1
68,20200611,1
68,20200612,1
68,20200616,1
68,20200617,1
68,20200618,1
69,20200209,1
69,20200210,1
69,20200211,1
69,20200212,1
69,20200213,1
69,20200214,1
69,20200215,1
69,20200216,1
69,20200217,1
69,20200218,1
69,20200219,1
69,20200220,1
69,20200221,1
69,20200222,1
69,20200223,1
69,20200224,1
69,20200225,1
69,20200226,1
69,20200227,1
69,20200228,1
69,20200229,1
69,20200301,1
69,20200302,1
69,20200303,1
69,20200304,1
69,20200305,1
69,20200306,1
69,20200307,1
69,20200308,1
69,20200309,1
69,20200310,1
69,20200311,1
69,20200312,1
69,20200314,1
69,20200315,1
69,20200316,1
69,20200317,1
69,20200318,1
69,20200319,1
69,20200321,1
69,20200322,1
69,20200323,1
69,20200324,1
69,20200325,1
69,20200326,1
69,20200327,1
69,20200328,1
69,20200329,1
69,20200330,1
69,20200331,1
69,20200401,1
69,20200402,1
69,20200403,1
69,20200404,1
69,20200405,1
69,20200406,1
69,20200407,1
69,20200408,1
69,20200409,1
69,20200410,1
69,20200411,1
69,20200412,1
69,20200413,1
69,20200414,1
69,20200415,1
69,20200416,1
69,20200417,1
69,20200418,1
69,20200419,1
69,20200420,1
69,20200421,1
69,20200422,1
69,20200423,1
69,20200424,1
69,20200425,1
69,20200426,1
69,20200427,1
69,20200428,1
69,20200429,1
69,20200430,1
69,20200501,1
69,20200502,1
69,20200503,1
69,20200504,1
69,20200505,1
69,20200506,1
69,20200507,1
69,20200508,1
69,20200509,1
69,20200510,1
69,20200511,1
69,20200512,1
69,20200513,1
69,20200514,1
69,20200515,1
69,20200516,1
69,20200517,1
69,20200518,1
69,20200519,1
69,20200520,1
69,20200521,1
69,20200522,1
69,20200523,1
69,20200524,1
69,20200525,1
69,20200526,1
69,20200527,1
69,20200528,1
69,20200529,1
69,20200530,1
69,20200531,1
69,20200601,1
69,20200602,1
69,20200603,1
69,20200604,1
69,20200605,1
69,20200606,1
69,20200607,1
69,20200608,1
69,20200609,1
69,20200610,1
69,20200611,1
69,20200612,1
69,20200613,1
69,20200614,1
69,20200615,1
69,20200616,1
69,20200617,1
69,20200618,1
70,20200313,1
70,20200320,1
71,20200210,1
71,20200211,1
71,20200213,1
71,20200214,1
71,20200215,1
71,20200217,1
71,20200218,1
71,20200220,1
71,20200221,1
71,20200222,1
71,20200224,1
71,20200225,1
71,20200226,1
71,20200227,1
71,20200228,1
71,20200229,1
71,20200302,1
71,20200303,1
71,20200304,1
71,20200305,1
71,20200306,1
71,20200307,1
71,20200309,1
71,20200310,1
71,20200311,1
71,20200312,1
71,20200313,1
71,20200314,1
71,20200316,1
71,20200317,1
71,20200318,1
71,20200319,1
71,20200320,1
71,20200321,1
71,20200323,1
71,20200324,1
71,20200325,1
71,20200326,1
71,20200327,1
71,20200328,1
71,20200330,1
71,20200331,1
71,20200401,1
71,20200402,1
71,20200403,1
71,20200404,1
71,20200406,1
71,20200407,1
71,20200408,1
71,20200409,1
71,20200411,1
71,20200414,1
71,20200415,1
71,20200416,1
71,20200417,1
71,20200418,1
71,20200420,1
71,20200421,1
71,20200422,1
71,20200423,1
71,20200424,1
71,20200425,1
71,20200427,1
71,20200428,1
71,20200429,1
71,20200430,1
71,20200502,1
71,20200504,1
71,20200505,1
71,20200506,1
71,20200507,1
71,20200508,1
71,20200509,1
71,20200511,1
71,20200512,1
71,20200513,1
71,20200514,1
71,20200515,1
71,20200516,1
71,20200518,1
71,20200519,1
71,20200520,1
71,20200522,1
71,20200523,1
71,20200525,1
71,20200526,1
71,20200527,1
71,20200528,1
71,20200529,1
71,20200530,1
71,20200601,1
71,20200602,1
71,20200603,1
71,20200604,1
71,20200605,1
71,20200608,1
71,20200609,1
71,20200610,1
71,20200611,1
71,20200612,1
71,20200613,1
71,20200615,1
71,20200616,1
71,20200617,1
71,20200618,1
72,20200410,1
72,20200606,1
73,20200209,1
73,20200216,1
73,20200223,1
73,20200301,1
73,20200308,1
73,20200315,1
73,20200322,1
73,20200329,1
73,20200405,1
73,20200412,1
73,20200413,1
73,20200419,1
73,20200426,1
73,20200501,1
73,20200503,1
73,20200510,1
73,20200517,1
73,20200521,1
73,20200524,1
73,20200531,1
73,20200607,1
73,20200614,1
74,20200212,1
74,20200219,1
